1,1,172.00,197.00,85.00,85.00,1,6
2,1,171.12,194.88,84.76,84.24,1,11
3,1,172.48,192.67,85.69,86.49,1,16
50,3,632.85,238.10,118.59,126.16,1,251
51,3,606.40,237.22,108.55,118.65,1,256
51,2,394.62,254.94,114.55,113.76,1,256
52,3,581.41,232.46,103.16,110.48,1,261
52,2,388.43,228.03,103.92,105.31,1,261
53,3,568.91,218.57,95.70,104.54,1,266
53,2,372.92,215.14,97.52,97.84,1,266
54,3,560.13,210.95,92.95,100.74,1,271
54,2,360.15,205.27,92.49,92.43,1,271
55,3,564.82,210.03,91.09,99.50,1,276
55,2,343.66,196.41,85.52,86.58,1,276
56,3,601.13,208.12,91.07,100.24,1,281
56,2,326.47,195.74,81.49,83.02,1,281
57,2,304.28,192.45,80.69,82.30,1,286
58,2,272.25,196.13,79.71,81.87,1,291
59,2,236.79,207.01,81.77,83.38,1,296
60,4,773.23,217.50,80.69,87.22,1,301
60,2,215.03,210.36,81.79,84.45,1,301
61,4,790.07,212.15,68.64,77.71,1,306
61,2,205.05,211.41,81.02,85.44,1,306
62,4,808.04,210.42,52.87,67.33,1,311
62,2,203.97,211.14,81.49,86.50,1,311
63,4,820.94,214.27,38.52,54.23,1,316
63,2,214.41,200.46,83.09,91.54,1,316
64,2,239.06,201.29,81.58,90.83,1,321
65,2,273.51,200.81,83.53,92.68,1,326
66,2,301.68,199.60,86.12,93.90,1,331
67,2,321.62,208.63,87.22,92.84,1,336
68,2,352.82,221.68,88.29,91.22,1,341
69,2,374.02,237.29,93.46,93.07,1,346
70,2,383.03,256.57,95.22,94.68,1,351
71,2,368.79,291.34,100.13,99.23,1,356
72,2,352.13,308.33,105.94,103.00,1,361
73,2,347.04,307.19,109.41,104.88,1,366
74,2,351.47,312.36,114.23,109.05,1,371
75,5,807.63,180.04,42.40,75.36,1,376
75,2,355.49,312.15,118.48,112.04,1,376
76,5,797.58,190.62,50.25,72.70,1,381
76,2,356.82,311.70,122.97,116.82,1,381
77,5,782.84,200.72,59.56,77.10,1,386
77,2,357.36,311.21,125.10,118.96,1,386
78,5,766.80,206.78,68.19,83.84,1,391
78,2,357.63,305.59,126.28,119.89,1,391
79,5,743.93,212.14,78.61,93.87,1,396
79,2,358.07,299.81,125.25,122.06,1,396
80,5,709.83,225.92,83.09,99.08,1,401
80,2,357.79,286.47,122.35,119.49,1,401
81,5,672.44,228.01,92.75,108.56,1,406
81,2,353.76,275.10,120.48,117.29,1,406
82,5,629.21,229.03,99.89,112.38,1,411
82,2,343.29,270.69,117.97,115.95,1,411
83,5,575.48,225.81,103.12,117.15,1,416
83,2,334.15,269.03,113.60,115.41,1,416
84,5,532.65,223.60,102.69,115.17,1,421
84,2,329.61,262.88,109.56,112.59,1,421
85,5,490.10,224.69,100.86,109.52,1,426
85,2,328.28,260.91,106.02,110.18,1,426
86,5,445.59,219.38,100.20,106.66,1,431
86,2,317.63,254.03,104.83,109.22,1,431
87,5,407.24,206.93,98.19,107.14,1,436
87,2,306.47,252.02,101.76,105.15,1,436
88,5,371.19,198.88,97.81,106.61,1,441
88,2,299.19,246.00,99.71,103.82,1,441
89,5,337.74,189.39,96.62,102.81,1,446
89,2,290.66,241.98,99.60,101.69,1,446
90,5,323.24,182.89,95.92,100.64,1,451
90,2,284.31,240.80,99.52,101.03,1,451
91,5,318.34,180.19,94.47,99.04,1,456
91,2,276.64,242.15,97.23,98.01,1,456
92,5,317.46,179.04,95.10,98.12,1,461
92,2,267.76,248.43,95.55,94.64,1,461
93,5,316.27,177.86,96.11,98.03,1,466
93,2,260.97,255.29,94.26,93.04,1,466
94,5,316.60,171.80,97.10,98.22,1,471
94,2,258.24,260.00,92.46,91.59,1,471
95,5,320.93,170.03,96.32,97.98,1,476
95,2,256.49,261.24,90.31,90.23,1,476
96,5,326.89,170.34,95.15,96.04,1,481
96,2,260.11,262.06,88.45,88.39,1,481
97,5,339.93,169.67,92.53,95.71,1,486
97,2,264.58,260.95,87.08,87.32,1,486
98,5,357.67,169.36,89.74,95.16,1,491
98,2,266.71,255.31,87.28,88.24,1,491
99,5,365.84,168.01,88.54,93.59,1,496
99,2,268.79,249.46,88.31,89.53,1,496
100,5,372.69,163.58,89.70,95.05,1,501
100,2,270.52,246.45,87.66,90.37,1,501
101,5,370.25,160.72,89.62,95.46,1,506
101,2,268.61,239.59,88.12,92.42,1,506
102,5,367.82,160.58,87.83,95.15,1,511
102,2,267.00,237.07,86.96,92.49,1,511
103,5,364.35,159.44,86.79,94.07,1,516
103,2,268.53,235.29,86.95,92.32,1,516
104,5,359.04,159.55,86.29,92.68,1,521
104,2,268.34,231.45,86.67,92.19,1,521
105,5,356.39,160.55,86.47,91.65,1,526
105,2,268.10,228.11,87.02,92.12,1,526
106,5,358.45,161.27,86.03,90.03,1,531
106,2,271.73,227.86,86.99,91.50,1,531
107,5,372.74,159.43,87.27,93.08,1,536
107,2,272.51,226.73,86.97,90.21,1,536
108,5,388.44,158.04,89.68,93.09,1,541
108,2,274.34,225.93,87.22,89.29,1,541
109,5,413.47,160.11,89.19,93.86,1,546
109,2,276.14,227.91,87.12,87.77,1,546
110,5,441.23,156.24,91.68,95.69,1,551
110,2,276.40,227.86,87.32,86.97,1,551
111,5,458.68,156.89,91.74,95.48,1,556
111,2,273.78,227.52,90.24,86.75,1,556
112,5,467.60,159.74,91.48,94.18,1,561
112,2,274.04,229.46,93.45,89.82,1,561
113,5,476.73,165.19,91.32,95.45,1,566
113,2,282.17,230.72,93.64,89.37,1,566
114,5,483.95,166.07,92.56,99.65,1,571
114,2,291.38,227.20,93.22,88.77,1,571
115,5,492.58,168.24,92.65,100.83,1,576
115,2,296.22,220.83,94.89,89.51,1,576
116,5,509.29,175.61,96.77,104.48,1,581
116,2,302.17,210.90,95.04,90.55,1,581
117,5,534.70,184.43,101.57,109.45,1,586
117,2,309.90,204.49,97.08,94.39,1,586
118,5,571.54,192.17,102.05,111.58,1,591
118,2,325.29,206.51,100.23,98.19,1,591
119,5,610.49,202.13,105.18,113.86,1,596
119,2,347.27,214.56,104.86,100.24,1,596
120,5,645.89,211.99,107.42,115.44,1,601
120,2,361.05,216.69,105.22,102.29,1,601
121,5,681.87,217.89,105.94,115.38,1,606
121,2,371.49,218.07,106.95,105.25,1,606
122,5,727.99,217.59,105.97,115.61,1,611
122,2,383.41,222.69,110.18,108.66,1,611
123,5,759.10,230.41,99.09,117.62,1,616
123,2,398.54,232.58,111.94,111.31,1,616
124,2,417.66,249.13,115.37,112.80,1,621
125,2,442.27,266.33,123.84,116.84,1,626
126,2,469.54,287.40,127.75,122.40,1,631
127,2,505.09,305.57,124.44,123.42,1,636
136,6,733.03,200.67,109.55,124.70,1,681
137,6,719.60,202.85,110.49,124.15,1,686
138,6,713.13,207.52,108.02,122.62,1,691
139,6,712.82,214.65,107.89,119.96,1,696
140,6,727.05,235.95,106.41,117.85,1,701
141,6,736.10,259.33,105.36,115.79,1,706
141,2,540.50,324.98,120.40,122.53,1,706
142,6,741.30,268.91,104.09,114.64,1,711
142,2,514.26,297.36,120.47,124.91,1,711
143,6,745.42,271.65,102.65,115.92,1,716
143,2,502.04,280.12,122.27,126.88,1,716
144,6,744.76,271.77,101.83,116.35,1,721
144,2,498.81,258.89,122.11,128.98,1,721
145,6,746.74,261.20,99.70,118.66,1,726
145,2,496.25,245.99,120.84,126.60,1,726
146,2,490.48,225.06,120.23,123.44,1,731
147,2,480.62,208.86,119.73,121.46,1,736
148,2,466.12,197.50,114.41,115.93,1,741
149,2,441.72,187.88,109.22,109.95,1,746
150,2,426.62,177.69,103.56,105.61,1,751
151,2,407.00,166.13,100.20,101.63,1,756
152,2,387.95,157.90,96.51,99.27,1,761
153,2,373.60,154.57,93.58,96.12,1,766
154,2,358.38,140.66,91.10,96.66,1,771
155,2,340.61,136.56,90.64,95.76,1,776
156,2,329.25,132.73,88.67,94.03,1,781
157,2,321.57,130.95,88.85,93.28,1,786
158,2,320.57,131.24,88.45,91.62,1,791
159,2,322.84,132.07,87.59,90.71,1,796
160,2,329.49,130.25,88.07,91.16,1,801
164,2,352.02,128.44,86.70,89.20,1,821
165,2,356.24,131.82,85.74,87.81,1,826
168,8,371.31,143.72,63.36,64.86,1,841
169,8,371.36,144.05,64.21,65.56,1,846
170,8,373.44,145.48,63.16,65.27,1,851
171,8,373.49,146.55,62.04,64.68,1,856
172,8,365.98,141.52,73.89,77.32,1,861
173,8,367.36,142.63,79.42,82.07,1,866
174,8,366.72,140.85,82.40,85.46,1,871
175,8,365.52,136.19,84.72,88.62,1,876
176,8,365.31,134.14,85.72,89.70,1,881
180,9,724.58,335.09,117.17,133.42,1,901
180,8,363.26,130.41,86.02,90.70,1,901
181,9,725.98,330.32,119.77,134.28,1,906
181,8,361.07,126.55,86.23,90.76,1,906
182,9,728.50,324.63,122.09,135.14,1,911
182,8,347.02,133.01,89.13,94.63,1,911
183,9,727.26,321.15,123.21,136.05,1,916
183,8,337.28,144.67,88.61,96.69,1,916
184,9,719.05,310.03,122.20,132.13,1,921
184,8,328.17,158.58,90.85,98.74,1,921
185,9,702.16,306.57,125.57,130.72,1,926
185,8,319.31,171.93,94.84,101.55,1,926
186,9,692.74,306.81,124.57,127.66,1,931
186,8,306.84,183.04,93.14,98.81,1,931
187,9,689.19,305.01,126.60,128.04,1,936
187,8,292.82,191.41,93.01,97.67,1,936
188,9,696.10,303.13,130.55,130.28,1,941
188,8,287.13,194.90,95.31,99.57,1,941
189,9,708.57,305.32,127.10,128.31,1,946
189,8,274.92,195.37,95.69,99.07,1,946
190,9,724.43,305.35,123.42,126.78,1,951
190,8,280.28,207.60,97.11,99.30,1,951
191,9,738.01,307.52,115.39,123.43,1,956
191,8,280.40,221.16,97.22,98.24,1,956
192,8,280.66,226.02,98.43,98.06,1,961
193,8,281.63,230.34,98.72,97.88,1,966
194,8,280.30,233.14,99.18,97.74,1,971
195,8,278.98,233.59,99.22,97.90,1,976
196,8,270.46,236.19,99.80,98.00,1,981
197,8,261.08,237.21,98.79,98.30,1,986
198,9,746.57,337.90,106.10,123.14,1,991
198,8,255.57,236.47,98.62,99.07,1,991
199,9,748.11,336.31,104.39,121.05,1,996
199,8,256.37,237.42,97.61,97.93,1,996
200,9,750.49,332.45,102.67,120.19,1,1001
200,8,264.45,236.47,96.30,95.95,1,1001
201,8,277.57,235.98,96.16,95.90,1,1006
202,8,301.66,231.26,95.24,96.92,1,1011
203,8,327.22,225.08,95.38,97.42,1,1016
204,8,361.69,215.96,98.66,99.93,1,1021
205,8,377.38,206.62,98.98,100.18,1,1026
206,8,381.21,199.86,100.30,99.50,1,1031
207,8,375.39,193.81,99.89,100.37,1,1036
208,8,351.79,204.64,98.99,99.34,1,1041
209,8,335.30,216.99,97.76,98.84,1,1046
210,8,328.15,226.09,94.34,98.96,1,1051
211,8,313.43,239.43,95.48,99.41,1,1056
212,8,306.81,245.01,96.02,99.71,1,1061
213,8,303.95,251.20,95.04,97.38,1,1066
214,8,300.04,260.95,94.55,96.53,1,1071
215,8,297.37,275.95,96.20,98.19,1,1076
220,9,612.55,349.11,127.77,120.24,1,1101
221,9,578.46,325.17,122.08,120.54,1,1106
222,9,517.81,321.20,118.99,119.68,1,1111
223,9,463.49,340.14,112.50,117.93,1,1116
225,8,299.62,295.99,94.42,99.55,1,1126
226,8,297.79,296.33,96.46,101.29,1,1131
227,8,294.97,296.32,96.96,102.68,1,1136
235,8,418.12,240.80,100.02,97.41,1,1176
236,8,458.69,225.38,97.56,96.64,1,1181
237,8,488.42,218.88,101.22,99.19,1,1186
238,8,530.72,226.35,103.78,101.49,1,1191
239,10,530.38,300.04,121.46,137.85,1,1196
239,8,571.90,233.27,105.77,105.55,1,1196
240,10,630.51,321.68,118.28,132.54,1,1201
240,8,625.73,230.73,104.77,106.48,1,1201
241,10,703.42,271.51,109.33,123.20,1,1206
242,10,753.09,253.05,105.98,119.73,1,1211
